18 22 
4 6 28 41 49 
11 26 
4 18 40 
25 34 45 
32 
49 
17 22 28 43 

15 21 46 
20 32 
27 
4 26 30 32 
35 39 40 45 
3 27 29 41 
6 7 
2 3 7 20 25 31 
34 
22 30 
37 
6 22 34 47 
0 20 27 31 
0 2 9 30 31 33 
4 14 
0 2 17 30 46 
29 31 37 
44 
41 46 
14 35 49 
2 4 29 
33 
28 34 36 43 
46 
4 
17 30 36 
7 20 
7 27 37 46 
17 18 30 39 
17 29 35 44 
3 10 40 41 
30 
15 
25 34 39 
30 45 
18 30 40 47 

18 22 
0 
6 30 40 
4 22 24 29 
4 9 28 29 46 
18 27 38 
26 31 
4 10 37 45 

10 17 33 
8 15 22 49 
2 14 18 20 24 25 45 47 
14 15 17 29 33 41 
4 27 32 35 47 
10 21 
0 
9 43 
28 
39 40 
13 15 24 30 46 
15 27 34 39 43 
11 20 
6 30 
9 33 39 47 
4 
31 
0 3 4 32 38 46 47 
0 2 9 
6 17 28 39 48 
4 8 33 49 
22 28 34 
2 36 46 
15 38 
18 27 
9 20 31 34 43 
4 44 
33 39 
3 45 47 
27 33 45 
17 
6 9 12 37 
20 33 39 43 
2 4 6 29 32 
13 33 47 
0 
25 
32 38 
32 43 
28 
15 20 31 45 
41 
33 
3 6 
6 43 
6 37 
3 15 18 
2 21 
2 9 21 37 40 46 
0 6 29 45 
4 15 17 40 
15 30 
29 
17 29 30 40 
0 6 16 28 29 
0 8 45 47 
17 22 33 
17 21 44 
2 4 14 27 32 33 34 
33 
4 8 18 30 
0 29 32 41 43 
7 27 34 37 
6 31 46 
15 21 31 39 43 
2 41 

22 39 
35 
2 
0 29 41 
30 
21 34 

7 41 
9 17 30 31 33 40 
27 41 
2 8 10 17 25 28 
39 41 46 47 
8 10 38 39 43 47 
8 22 25 31 40 46 
28 41 

45 46 
6 29 
6 17 33 44 
26 
36 47 
21 40 
46 
21 33 37 38 47 
46 
0 8 26 35 44 
4 6 17 32 
14 46 
4 10 22 24 25 31 37 
18 25 
6 28 29 30 47 
17 34 
3 6 18 
3 43 49 
22 24 
4 10 20 33 44 47 
25 28 
45 
15 37 
41 44 
0 4 30 
6 37 
29 
20 21 47 
4 9 20 32 44 47 49 
27 
33 43 
3 6 9 17 
4 35 
0 3 8 25 30 39 45 
2 6 30 33 46 
20 27 37 
28 38 
21 27 
20 28 31 33 44 
37 41 
4 33 38 
28 33 37 38 46 
38 43 
25 44 
0 16 29 38 44 46 
17 47 
20 27 29 38 46 
8 9 30 43 
0 21 33 35 
2 6 
21 30 45 46 
18 29 37 39 
4 33 
2 11 
3 8 14 17 21 31 
0 18 27 41 45 
3 8 40 
41 43 44 

6 9 29 30 38 
33 

9 20 22 25 
29 
9 20 
3 44 
18 28 35 36 37 38 
4 10 15 27 35 49 
33 39 41 44 
0 22 
0 25 33 37 38 
4 20 21 45 
15 26 29 39 43 45 
8 9 27 31 33 49 
8 29 40 
9 28 
20 22 44 
10 44 
0 6 25 29 
6 9 25 39 
4 22 29 38 
2 9 18 30 35 36 46 
9 35 
10 22 
0 30 
2 6 10 20 37 38 41 
45 
4 8 31 43 
4 29 33 43 46 
22 25 29 33 37 
29 30 33 
24 28 45 
2 35 38 
2 11 19 24 31 
9 22 31 38 
14 29 
8 26 47 
3 20 30 
3 29 43 
21 
11 40 43 
18 28 29 44 
11 15 27 
22 
3 17 33 47 
18 26 32 
28 43 
4 9 20 
27 30 
28 34 
0 20 45 46 
17 18 30 34 41 
9 31 39 

13 32 
20 22 31 
4 20 28 
8 22 44 

14 28 41 
28 30 39 46 
0 46 47 

2 30 45 
0 
0 9 39 
5 12 34 39 
0 2 
8 10 21 41 46 
14 27 29 35 38 43 44 
5 22 44 
38 
17 31 
37 45 
15 17 18 21 47 
3 21 

7 8 33 44 
7 14 29 33 46 
21 
18 43 45 
2 14 20 
8 31 
0 41 48 
2 4 6 13 28 31 39 

3 15 
29 30 
6 17 45 

16 18 30 41 
4 15 33 38 41 44 
17 21 36 
6 38 43 44 
9 36 40 
4 5 31 
15 37 47 
18 28 
2 26 33 37 38 
16 29 31 
22 37 46 
8 29 44 
4 29 32 39 
8 35 44 
2 41 45 46 
32 

15 21 46 
6 40 
14 38 
2 
8 35 
20 
7 
0 28 33 
0 2 
14 28 43 
0 6 47 
14 15 
33 38 39 
29 32 39 41 43 47 
13 17 43 47 
9 20 37 46 
27 33 49 
0 2 9 10 15 29 31 44 45 
2 22 29 
2 5 24 32 
10 15 32 33 44 
4 17 19 49 
7 22 
21 
47 
8 30 39 46 
6 17 28 30 46 
8 9 15 19 27 

0 32 
31 38 46 48 
40 43 
18 34 
15 21 36 
14 26 28 29 44 45 
3 20 37 
38 43 49 
4 10 28 29 33 
6 
22 
37 38 

24 30 34 
4 27 28 47 
32 40 46 47 
2 29 34 37 
20 29 46 
0 9 28 30 38 45 
21 33 
2 3 4 25 33 44 
18 27 
9 20 29 
17 24 49 
32 
31 33 
39 43 
4 9 
9 22 
15 
17 29 45 
6 30 31 38 
2 8 18 33 41 
0 30 39 
20 33 47 

6 
29 39 
28 29 33 40 47 
2 26 30 
8 31 
2 18 37 
3 20 
21 29 30 
5 39 47 
14 15 28 37 
8 20 28 47 
15 18 38 46 49 
6 21 28 38 
14 16 46 
20 33 44 
16 21 30 
27 44 46 
27 43 
2 34 35 
28 46 
30 39 41 47 
15 22 
14 29 46 
7 37 46 
40 
22 
8 19 20 32 33 
20 28 32 43 45 
29 36 
2 33 
6 7 30 31 32 
6 7 33 47 
29 
2 10 14 47 49 
6 21 
21 
8 26 
2 4 
28 34 
40 
35 39 
18 30 31 46 
0 20 33 35 41 
31 33 
11 20 29 

46 
18 27 29 40 
15 35 
17 21 47 
21 25 
32 45 
40 46 
11 15 17 35 41 47 
6 22 25 30 33 
18 29 46 
6 15 20 
18 

3 25 
39 
22 48 
24 
29 
17 46 
0 6 30 31 45 
14 15 20 33 38 
4 35 38 44 47 
0 18 30 43 
20 
15 27 38 47 
3 49 
13 15 22 43 
20 
15 33 
0 15 17 31 
14 24 48 
21 35 
3 39 
20 
4 31 40 43 44 
6 20 43 44 
6 15 25 27 29 
17 31 47 
0 29 
8 15 43 
2 13 21 41 48 
10 12 17 45 
22 29 44 
8 10 15 21 22 29 33 36 37 39 
32 
8 17 36 
26 40 

9 31 39 
9 40 46 
10 22 26 39 47 
29 
3 35 40 
2 
26 45 
25 29 31 39 

0 31 
4 31 
2 8 47 
10 26 
30 39 47 
33 38 39 46 47 
4 8 17 43 49 
21 43 
0 8 20 27 44 

6 35 38 39 

2 10 
40 43 46 
10 46 48 

2 21 
6 31 32 41 
18 22 33 
9 10 38 46 
38 
47 
4 6 33 45 
15 29 43 


4 17 33 38 
