43 21 22 24 47 61 72 73 90 104 109 110 116 125 147 162 171 182 186 193 207 208 216 222 248 259 262 263 265 281 312 313 315 322 334 352 367 412 435 438 445 454 473 481 
0 
46 16 22 24 29 57 73 77 88 102 103 113 120 124 132 172 187 191 219 223 230 231 261 265 279 282 296 302 308 313 322 323 324 350 354 366 373 375 388 399 403 407 456 469 475 485 489 
26 14 16 39 72 83 98 101 154 155 169 171 192 194 203 235 236 242 273 284 340 354 376 429 441 448 468 
49 1 3 12 23 29 33 49 50 53 59 70 72 75 81 88 105 113 115 148 150 157 162 166 170 178 190 205 209 218 225 226 245 254 282 289 293 300 326 342 348 354 361 407 437 450 474 479 495 499 
5 264 268 293 324 378 
48 1 15 20 48 68 74 86 88 98 99 100 104 109 118 139 140 148 152 154 163 169 172 187 197 216 217 223 282 286 291 306 315 331 343 365 370 382 400 401 404 424 426 435 451 452 483 490 495 
13 15 16 35 36 117 129 275 276 311 327 393 400 401 
36 56 75 110 115 132 134 135 147 171 185 192 194 211 212 225 234 255 266 275 280 299 301 309 330 332 366 374 380 396 406 455 459 461 475 479 481 
35 22 50 62 69 73 80 86 103 130 166 169 185 197 200 202 211 213 217 219 220 232 245 250 263 292 320 322 332 352 356 361 362 464 465 492 
24 39 53 55 60 132 134 150 157 205 215 221 223 266 322 325 342 403 457 459 466 476 485 487 492 
8 2 67 191 231 238 240 414 423 
3 86 264 457 
7 65 89 252 282 319 442 456 
22 23 28 57 58 113 149 192 233 257 267 276 279 307 314 316 339 379 383 392 403 436 446 
42 9 41 56 58 65 66 78 95 101 105 106 119 160 205 210 240 272 284 289 294 305 316 322 325 332 338 363 379 381 391 418 423 426 436 440 442 444 445 452 455 459 496 
6 109 182 288 297 383 385 
41 7 24 34 37 38 55 58 74 85 105 108 111 112 130 132 140 148 153 169 183 192 242 249 270 272 286 290 319 326 331 357 364 419 423 434 445 453 457 461 479 499 
34 0 3 37 44 46 51 57 79 101 115 151 154 189 193 204 219 239 243 249 272 278 288 295 337 355 366 375 381 411 417 425 427 438 491 
4 231 326 332 396 
46 10 16 21 35 57 67 80 87 95 157 165 166 173 176 184 200 202 209 214 223 235 245 248 253 254 279 310 320 340 351 356 368 376 380 384 396 397 412 414 426 436 439 443 449 451 481 
37 9 60 102 103 112 119 127 143 145 165 175 186 188 192 209 237 266 272 273 277 290 305 328 338 353 377 382 385 404 405 419 420 447 456 459 480 489 
38 0 7 18 20 46 49 56 76 111 122 135 150 156 200 207 214 218 221 227 232 241 253 255 268 298 323 327 344 362 391 395 424 431 442 458 459 466 491 
0 
12 49 57 65 150 156 229 231 324 347 357 432 446 
23 4 16 42 57 91 132 135 150 151 158 171 181 200 208 216 217 227 354 420 424 429 452 471 
16 2 12 52 141 147 210 234 243 296 339 373 406 462 466 470 476 
32 11 14 21 36 51 59 66 79 84 113 117 131 167 173 175 184 193 205 211 240 246 267 321 332 348 355 386 387 417 440 452 481 
41 1 7 31 50 63 74 76 94 109 132 136 152 158 174 176 179 204 213 229 239 244 247 254 257 258 282 295 312 314 331 339 342 348 352 372 379 380 382 389 397 408 
64 14 25 29 38 49 50 58 88 104 107 108 109 116 125 139 152 164 182 184 189 197 201 210 212 216 218 226 227 228 233 236 239 267 276 285 297 299 300 318 322 323 339 342 350 351 356 364 371 372 377 392 398 402 414 417 425 433 452 454 458 459 467 471 496 
50 12 18 22 24 34 37 40 43 44 48 65 68 106 108 115 126 130 152 162 171 172 185 188 197 219 222 228 235 246 249 258 261 285 288 330 331 347 352 365 367 373 377 385 390 400 411 424 435 438 477 
43 16 21 22 25 52 71 80 95 118 119 130 135 150 176 192 211 225 231 232 250 253 270 280 282 293 297 322 335 359 365 374 400 411 413 435 445 450 453 464 471 473 474 490 
28 5 10 12 59 72 88 92 93 113 116 148 166 243 252 300 303 318 324 325 334 349 358 396 397 400 421 460 490 
62 22 30 55 58 69 75 82 84 87 89 97 111 113 114 130 140 145 157 168 172 176 178 179 186 190 198 206 208 211 226 227 228 242 275 276 289 296 312 317 321 325 342 353 354 359 366 368 372 384 396 399 401 412 413 424 436 444 459 478 491 495 499 
20 4 17 20 31 42 66 76 80 113 117 127 153 247 249 264 337 347 350 388 408 
25 13 28 38 59 123 147 170 186 204 205 219 220 230 267 301 309 388 410 412 418 423 437 447 468 483 
12 31 34 77 142 204 219 290 292 338 398 459 461 
32 19 25 36 53 86 100 103 117 145 150 160 163 173 177 179 189 204 208 223 227 271 294 296 298 320 340 345 350 375 379 393 459 
41 51 72 78 92 134 145 174 178 179 180 182 184 197 204 208 218 223 230 232 267 269 289 291 296 307 317 335 341 345 352 365 381 382 436 437 440 478 483 492 493 499 
42 13 37 42 64 66 69 74 82 87 119 122 133 134 171 189 206 210 217 250 258 263 264 282 300 317 318 330 360 367 371 378 390 410 430 448 459 464 466 471 477 478 483 
29 3 13 39 44 48 64 103 105 108 130 135 143 194 212 238 292 306 336 349 372 394 409 417 422 450 462 465 468 486 
33 1 14 27 39 58 96 116 120 125 129 131 133 136 161 177 193 195 206 223 249 257 266 281 288 289 302 318 366 390 412 423 456 490 
0 
42 7 31 62 66 80 87 93 99 116 119 134 155 168 180 185 195 210 225 226 236 238 244 267 278 291 314 318 319 336 341 360 387 397 438 442 450 451 455 479 480 486 496 
37 26 38 81 112 140 147 157 161 166 176 181 182 195 203 206 214 215 239 255 267 268 275 289 291 299 301 322 325 339 354 384 386 437 450 451 458 481 
35 4 13 43 53 57 83 84 95 104 110 138 159 171 188 193 209 210 224 229 248 261 271 278 286 302 322 339 352 364 397 421 435 457 470 495 
54 9 24 27 32 36 50 65 72 77 103 118 133 135 138 144 146 149 172 179 182 184 188 219 226 248 258 259 266 276 298 302 305 320 330 331 335 349 351 381 383 386 389 392 393 411 416 422 425 434 465 478 486 487 492 
46 20 44 57 59 69 72 83 89 110 133 134 142 145 152 157 165 166 183 234 242 259 272 294 315 318 319 329 348 349 368 372 378 380 390 401 403 419 423 437 440 453 466 475 477 478 494 
7 74 281 335 431 446 456 487 
17 1 6 28 56 75 155 166 205 211 321 326 341 357 381 403 441 479 
